700 190
550 195 540 195 535 165
530 045 400 045 360 090
360 190 340 200 220 190
110 250 110 290 220 355
250 380 425 305 430 355
435 400 440 400 360 410
284 435 283 440 280 700
#
700 210
550 200 540 215 515 175
515 060 365 060 380 120
380 190 340 220 220 210
140 250 140 290 220 335	
230 360 425 285 445 340
455 420 450 420 380 430
305 435 305 440 310 700
#
700 230
570 205 520 255 505 185
500 075 380 075 390 150
400 190 340 240 220 230
170 250 170 290 220 315
220 330 425 265 460 325
505 410 470 420 400 445
320 435 325 440 340 700
#